       Field	   Intensity
        [mT]	         [ ]
       0.000	 -8.7951e+02
       0.250	 -1.6347e+03
       0.500	 -2.7624e+03
       0.750	 -2.3854e+03
       1.000	 -7.4976e+02
       1.250	 -1.4195e+01
       1.500	 -5.6676e+02
       1.750	 -1.4434e+03
       2.000	 -2.3940e+03
       2.250	 -3.0132e+03
       2.500	 -2.0777e+03
       2.750	  1.4162e+02
       3.000	  1.7018e+03
       3.250	  1.2276e+03
       3.500	 -5.1601e+02
       3.750	 -1.4519e+03
       4.000	 -1.5518e+03
       4.250	 -2.0219e+03
       4.500	 -2.0441e+03
       4.750	 -8.7345e+02
       5.000	 -6.8133e+01
       5.250	 -8.6276e+02
       5.500	 -2.3623e+03
       5.750	 -3.5933e+03
       6.000	 -4.3303e+03
       6.250	 -3.5681e+03
       6.500	 -1.0681e+03
       6.750	  9.8587e+02
       7.000	  9.6724e+02
       7.250	 -3.0807e+02
       7.500	 -1.3142e+03
       7.750	 -1.6399e+03
       8.000	 -1.8346e+03
       8.250	 -1.8053e+03
       8.500	 -1.2778e+03
       8.750	 -9.3763e+02
       9.000	 -1.1311e+03
       9.250	 -1.2943e+03
       9.500	 -1.4106e+03
       9.750	 -1.8861e+03
      10.000	 -2.3449e+03
      10.250	 -2.5989e+03
      10.500	 -2.8906e+03
      10.750	 -2.6843e+03
      11.000	 -1.5343e+03
      11.250	 -3.6620e+02
      11.500	 -4.1020e+02
      11.750	 -8.8307e+02
      12.000	 -3.6520e+02
      12.250	  3.2887e+02
      12.500	  3.8224e+02
      12.750	  1.9955e+02
      13.000	 -5.8170e+02
      13.250	 -1.8214e+03
      13.500	 -1.6616e+03
      13.750	  1.7312e+02
      14.000	  8.8205e+02
      14.250	 -3.3757e+02
      14.500	 -1.2566e+03
      14.750	 -1.5759e+03
      15.000	 -1.9782e+03
      15.250	 -2.1499e+03
      15.500	 -2.1706e+03
      15.750	 -1.9616e+03
      16.000	 -1.5912e+03
      16.250	 -1.6216e+03
      16.500	 -1.7680e+03
      16.750	 -1.5553e+03
      17.000	 -1.2626e+03
      17.250	 -1.3126e+03
      17.500	 -1.5238e+03
      17.750	 -8.3876e+02
      18.000	  8.9918e+02
      18.250	  2.0138e+03
      18.500	  1.9214e+03
      18.750	  1.7872e+03
      19.000	  1.6551e+03
      19.250	  9.2137e+02
      19.500	  1.7355e+02
      19.750	 -5.4088e+02
      20.000	 -1.9048e+03
      20.250	 -3.0855e+03
      20.500	 -2.7214e+03
      20.750	 -1.2058e+03
      21.000	 -9.6220e+02
      21.250	 -2.9623e+03
      21.500	 -3.6616e+03
      21.750	 -1.0014e+03
      22.000	  1.5188e+03
      22.250	  1.3478e+03
      22.500	 -1.7413e+02
      22.750	 -1.1661e+03
      23.000	 -1.1520e+03
      23.250	 -9.5595e+02
      23.500	 -1.0529e+03
      23.750	 -6.4776e+02
      24.000	  5.1787e+02
      24.250	  1.0559e+03
      24.500	  5.8730e+02
      24.750	  4.2068e+02
      25.000	  8.8749e+02
      25.250	  1.2411e+03
      25.500	  6.3080e+02
      25.750	 -6.0638e+02
      26.000	 -6.1663e+02
      26.250	  8.8499e+02
      26.500	  1.9329e+03
      26.750	  1.4044e+03
      27.000	  6.4555e+01
      27.250	 -1.0761e+03
      27.500	 -1.5696e+03
      27.750	 -1.5334e+03
      28.000	 -1.4140e+03
      28.250	 -1.2475e+03
      28.500	 -9.6401e+02
      28.750	 -6.0451e+02
      29.000	 -2.8707e+02
      29.250	 -3.0020e+02
      29.500	 -3.0826e+02
      29.750	 -5.0945e+01
      30.000	 -5.5626e+02
      30.250	 -2.1879e+03
      30.500	 -2.9700e+03
      30.750	 -1.8742e+03
      31.000	 -4.1801e+02
      31.250	  4.2480e+02
      31.500	  3.3030e+02
      31.750	 -4.9495e+02
      32.000	 -8.2038e+02
      32.250	 -7.0963e+02
      32.500	 -7.6576e+02
      32.750	 -7.0582e+02
      33.000	 -6.1026e+02
      33.250	 -4.5307e+02
      33.500	  2.5080e+02
      33.750	  1.1870e+03
      34.000	  1.3632e+03
      34.250	  4.5612e+02
      34.500	 -1.0670e+03
      34.750	 -2.4544e+03
      35.000	 -2.5952e+03
      35.250	 -1.5088e+03
      35.500	 -9.3426e+02
      35.750	 -1.1501e+03
      36.000	 -9.7663e+02
      36.250	 -6.0051e+02
      36.500	 -2.6595e+02
      36.750	  3.8543e+02
      37.000	  7.0012e+02
      37.250	  8.6492e+01
      37.500	 -7.6882e+02
      37.750	 -9.2963e+02
      38.000	 -2.8926e+02
      38.250	  3.7030e+02
      38.500	  2.0024e+02
      38.750	 -4.4901e+02
      39.000	 -4.0495e+02
      39.250	  3.4168e+02
      39.500	  4.9474e+02
      39.750	 -3.8963e+02
      40.000	 -1.0728e+03
      40.250	 -1.0278e+03
      40.500	 -1.2412e+03
      40.750	 -2.0607e+03
      41.000	 -2.8646e+03
      41.250	 -2.6564e+03
      41.500	 -1.0337e+03
      41.750	  4.7799e+02
      42.000	  4.7668e+02
      42.250	 -2.9670e+02
      42.500	 -5.3307e+02
      42.750	  2.9768e+02
      43.000	  1.7961e+03
      43.250	  2.8960e+03
      43.500	  2.7389e+03
      43.750	  1.5264e+03
      44.000	  1.4705e+02
      44.250	 -8.6688e+02
      44.500	 -1.4206e+03
      44.750	 -2.0420e+03
      45.000	 -2.8234e+03
      45.250	 -2.5279e+03
      45.500	 -1.3469e+03
      45.750	 -8.4345e+02
      46.000	 -6.4032e+02
      46.250	 -3.3707e+02
      46.500	 -1.3191e+03
      46.750	 -3.0721e+03
      47.000	 -3.3956e+03
      47.250	 -2.2101e+03
      47.500	 -6.7688e+02
      47.750	  5.6443e+02
      48.000	  6.1474e+02
      48.250	 -1.0356e+03
      48.500	 -3.1212e+03
      48.750	 -3.8971e+03
      49.000	 -3.1572e+03
      49.250	 -1.7848e+03
      49.500	 -3.1526e+02
      49.750	  6.2837e+02
      50.000	  1.4412e+02
      50.250	 -1.1340e+03
      50.500	 -1.3878e+03
      50.750	 -6.5663e+02
      51.000	 -4.3070e+02
      51.250	 -5.6988e+02
      51.500	 -5.1951e+02
      51.750	 -9.2226e+02
      52.000	 -1.3656e+03
      52.250	 -1.1987e+03
      52.500	 -1.2586e+03
      52.750	 -1.2072e+03
      53.000	  1.7512e+02
      53.250	  1.9321e+03
      53.500	  2.2440e+03
      53.750	  7.2699e+02
      54.000	 -1.6184e+03
      54.250	 -3.4124e+03
      54.500	 -4.1073e+03
      54.750	 -3.8748e+03
      55.000	 -2.8999e+03
      55.250	 -1.6379e+03
      55.500	 -8.4845e+02
      55.750	 -9.5751e+02
      56.000	 -1.6409e+03
      56.250	 -2.1981e+03
      56.500	 -2.0781e+03
      56.750	 -1.0469e+03
      57.000	  3.1405e+02
      57.250	  5.4343e+02
      57.500	 -1.0006e+03
      57.750	 -2.7834e+03
      58.000	 -3.1988e+03
      58.250	 -2.9811e+03
      58.500	 -3.1534e+03
      58.750	 -2.7666e+03
      59.000	 -1.2738e+03
      59.250	  3.3305e+02
      59.500	  1.1885e+03
      59.750	  5.0655e+02
      60.000	 -1.2684e+03
      60.250	 -2.0958e+03
      60.500	 -1.3424e+03
      60.750	 -6.2601e+02
      61.000	 -1.0258e+03
      61.250	 -1.2049e+03
      61.500	 -2.9838e+02
      61.750	  4.2355e+02
      62.000	  9.5555e+01
      62.250	 -9.7138e+02
      62.500	 -1.8041e+03
      62.750	 -1.7909e+03
      63.000	 -2.0159e+03
      63.250	 -3.1864e+03
      63.500	 -4.0035e+03
      63.750	 -4.0147e+03
      64.000	 -4.2754e+03
      64.250	 -4.7262e+03
      64.500	 -4.5808e+03
      64.750	 -3.9076e+03
      65.000	 -3.1503e+03
      65.250	 -2.3433e+03
      65.500	 -1.4341e+03
      65.750	 -1.1448e+03
      66.000	 -1.8316e+03
      66.250	 -2.3902e+03
      66.500	 -2.4851e+03
      66.750	 -2.7849e+03
      67.000	 -2.8614e+03
      67.250	 -2.3419e+03
      67.500	 -1.9462e+03
      67.750	 -2.1736e+03
      68.000	 -2.6375e+03
      68.250	 -2.2796e+03
      68.500	 -1.1149e+03
      68.750	 -1.0287e+03
      69.000	 -2.8545e+03
      69.250	 -4.6558e+03
      69.500	 -4.3968e+03
      69.750	 -2.8719e+03
      70.000	 -2.3888e+03
      70.250	 -3.5204e+03
      70.500	 -4.6654e+03
      70.750	 -4.0488e+03
      71.000	 -2.1129e+03
      71.250	 -8.5995e+02
      71.500	 -6.4370e+02
      71.750	 -8.8238e+02
      72.000	 -2.0162e+03
      72.250	 -3.6793e+03
      72.500	 -4.0793e+03
      72.750	 -3.0309e+03
      73.000	 -2.4233e+03
      73.250	 -2.6008e+03
      73.500	 -2.4299e+03
      73.750	 -2.1428e+03
      74.000	 -1.7117e+03
      74.250	 -9.5700e+00
      74.500	  2.0265e+03
      74.750	  2.2487e+03
      75.000	  1.0804e+03
      75.250	  2.5649e+02
      75.500	 -3.0157e+02
      75.750	 -1.1449e+03
      76.000	 -1.3736e+03
      76.250	 -5.2432e+02
      76.500	 -6.5075e+00
      76.750	 -8.6463e+02
      77.000	 -2.0686e+03
      77.250	 -2.1432e+03
      77.500	 -1.1191e+03
      77.750	 -4.1782e+02
      78.000	 -1.0264e+03
      78.250	 -2.2411e+03
      78.500	 -2.9412e+03
      78.750	 -3.0184e+03
      79.000	 -2.7823e+03
      79.250	 -2.3228e+03
      79.500	 -2.2229e+03
      79.750	 -2.9343e+03
      80.000	 -3.6776e+03
      80.250	 -4.1413e+03
      80.500	 -4.4849e+03
      80.750	 -4.0286e+03
      81.000	 -2.8682e+03
      81.250	 -2.0154e+03
      81.500	 -1.6954e+03
      81.750	 -1.3002e+03
      82.000	 -4.4407e+02
      82.250	  7.2324e+02
      82.500	  2.0996e+03
      82.750	  2.7754e+03
      83.000	  1.4911e+03
      83.250	 -9.4913e+02
      83.500	 -2.5921e+03
      83.750	 -2.3871e+03
      84.000	 -8.4295e+02
      84.250	  5.0799e+02
      84.500	  1.1227e+03
      84.750	  1.2721e+03
      85.000	  6.2524e+02
      85.250	 -9.6676e+02
      85.500	 -2.6072e+03
      85.750	 -3.1381e+03
      86.000	 -2.2146e+03
      86.250	 -4.1251e+02
      86.500	  1.3841e+03
      86.750	  2.1452e+03
      87.000	  1.0214e+03
      87.250	 -9.4851e+02
      87.500	 -1.9480e+03
      87.750	 -2.3218e+03
      88.000	 -2.6838e+03
      88.250	 -1.9203e+03
      88.500	  3.2143e+02
      88.750	  2.1744e+03
      89.000	  2.1587e+03
      89.250	  1.1597e+03
      89.500	  2.6912e+02
      89.750	 -6.9020e+02
      90.000	 -1.6469e+03
      90.250	 -2.0256e+03
      90.500	 -1.6581e+03
      90.750	 -1.1528e+03
      91.000	 -1.1368e+03
      91.250	 -8.6720e+02
      91.500	 -2.1570e+01
      91.750	  4.9705e+02
      92.000	  7.1155e+02
      92.250	  5.7149e+02
      92.500	 -1.1507e+02
      92.750	 -3.9332e+02
      93.000	  2.6175e+00
      93.250	  2.8355e+02
      93.500	 -4.1633e+01
      93.750	 -9.6113e+02
      94.000	 -1.6774e+03
      94.250	 -1.0081e+03
      94.500	  4.7537e+02
      94.750	  8.3474e+02
      95.000	  1.8724e+02
      95.250	 -4.3863e+02
      95.500	 -1.5885e+03
      95.750	 -2.8543e+03
      96.000	 -2.5854e+03
      96.250	 -1.0987e+03
      96.500	  6.2430e+01
      96.750	  6.2818e+02
      97.000	  9.2680e+02
      97.250	  6.0543e+02
      97.500	 -9.4176e+02
      97.750	 -2.8221e+03
      98.000	 -2.7846e+03
      98.250	 -9.7801e+02
      98.500	  1.3668e+02
      98.750	  2.1880e+02
      99.000	  9.6568e+02
      99.250	  2.3530e+03
      99.500	  2.4642e+03
      99.750	  1.2754e+03
     100.000	  7.9818e+02
     100.250	  1.3844e+03
     100.500	  1.7486e+03
     100.750	  1.0428e+03
     101.000	 -5.7157e+02
     101.250	 -1.8053e+03
     101.500	 -1.6858e+03
     101.750	 -6.0495e+02
     102.000	  6.2662e+02
     102.250	  9.4912e+02
     102.500	 -1.6945e+02
     102.750	 -1.5534e+03
     103.000	 -1.7209e+03
     103.250	 -9.0582e+02
     103.500	 -4.4332e+02
     103.750	 -5.1713e+02
     104.000	 -3.9288e+02
     104.250	  6.8000e-01
     104.500	  2.1218e+02
     104.750	 -1.6070e+02
     105.000	 -9.3301e+02
     105.250	 -1.3509e+03
     105.500	 -1.1109e+03
     105.750	 -4.1238e+02
     106.000	  3.4843e+02
     106.250	  2.1355e+02
     106.500	 -1.3213e+03
     106.750	 -2.7681e+03
     107.000	 -2.1954e+03
     107.250	 -6.3851e+02
     107.500	 -5.8507e+02
     107.750	 -1.6002e+03
     108.000	 -1.8638e+03
     108.250	 -1.3828e+03
     108.500	 -8.5682e+02
     108.750	 -3.5982e+02
     109.000	  3.0492e+01
     109.250	  1.8024e+02
     109.500	  5.3587e+02
     109.750	  9.9774e+02
     110.000	  5.8255e+02
     110.250	 -3.1145e+02
     110.500	 -6.2620e+02
     110.750	 -5.9145e+02
     111.000	 -9.8120e+02
     111.250	 -2.0638e+03
     111.500	 -2.6528e+03
     111.750	 -2.0707e+03
     112.000	 -1.5733e+03
     112.250	 -1.1292e+03
     112.500	 -1.3513e+02
     112.750	  1.4868e+02
     113.000	 -8.0020e+02
     113.250	 -2.2147e+03
     113.500	 -3.6412e+03
     113.750	 -3.7879e+03
     114.000	 -1.9928e+03
     114.250	 -4.9176e+02
     114.500	 -6.7476e+02
     114.750	 -1.0847e+03
     115.000	 -8.9095e+02
     115.250	 -5.0688e+02
     115.500	 -1.3345e+02
     115.750	  5.5680e+01
     116.000	  4.0242e+01
     116.250	  4.1617e+01
     116.500	  2.8555e+02
     116.750	  6.8418e+02
     117.000	  5.1937e+02
     117.250	 -4.9820e+02
     117.500	 -1.2816e+03
     117.750	 -8.1726e+02
     118.000	  4.1305e+02
     118.250	  9.4193e+02
     118.500	  9.3742e+01
     118.750	 -8.3945e+02
     119.000	 -1.4294e+03
     119.250	 -2.9086e+03
     119.500	 -4.2340e+03
     119.750	 -3.6495e+03
     120.000	 -2.3319e+03
     120.250	 -1.9549e+03
     120.500	 -1.7076e+03
     120.750	 -2.2957e+02
     121.000	  1.1939e+03
     121.250	  1.0005e+03
     121.500	  3.3780e+02
     121.750	  3.5824e+02
     122.000	  6.3905e+02
     122.250	  5.8087e+02
     122.500	 -2.7213e+02
     122.750	 -1.5845e+03
     123.000	 -2.1747e+03
     123.250	 -1.6674e+03
     123.500	 -7.0832e+02
     123.750	  7.7180e+01
     124.000	  5.0937e+02
     124.250	  3.7743e+02
     124.500	 -1.7663e+02
     124.750	  1.3112e+02
     125.000	  1.1741e+03
     125.250	  1.0084e+03
     125.500	 -2.3613e+02
     125.750	 -1.0368e+03
     126.000	 -1.4484e+03
     126.250	 -2.1150e+03
     126.500	 -2.5646e+03
     126.750	 -2.0384e+03
     127.000	 -1.2705e+03
     127.250	 -1.2508e+03
     127.500	 -1.4102e+03
     127.750	 -1.6567e+03
     128.000	 -2.4308e+03
     128.250	 -2.6087e+03
     128.500	 -1.7534e+03
     128.750	 -1.2932e+03
     129.000	 -1.4768e+03
     129.250	 -1.1698e+03
     129.500	 -4.4132e+02
     129.750	  1.2055e+02
     130.000	  6.3668e+02
     130.250	  8.2674e+02
     130.500	  4.8380e+02
     130.750	 -7.6508e+01
     131.000	 -4.6495e+02
     131.250	 -1.9332e+02
     131.500	  6.4668e+02
     131.750	  1.5985e+03
     132.000	  2.0195e+03
     132.250	  1.1587e+03
     132.500	 -3.6938e+02
     132.750	 -7.6751e+02
     133.000	  7.5443e+02
     133.250	  2.4634e+03
     133.500	  2.0867e+03
     133.750	  3.6787e+02
     134.000	 -7.5513e+02
     134.250	 -1.7293e+03
     134.500	 -3.2384e+03
     134.750	 -3.6111e+03
     135.000	 -1.8813e+03
     135.250	  5.1680e+02
     135.500	  2.5727e+03
     135.750	  3.2334e+03
     136.000	  1.8563e+03
     136.250	  7.3987e+02
     136.500	  1.1364e+03
     136.750	  1.5984e+03
     137.000	  1.9772e+03
     137.250	  3.0761e+03
     137.500	  4.5569e+03
     137.750	  5.0109e+03
     138.000	  3.6032e+03
     138.250	  2.0505e+03
     138.500	  2.0360e+03
     138.750	  2.1167e+03
     139.000	  9.9112e+02
     139.250	  2.0018e+02
     139.500	  9.4299e+02
     139.750	  2.0911e+03
     140.000	  2.2658e+03
     140.250	  1.3507e+03
     140.500	  6.6680e+02
     140.750	  1.1923e+03
     141.000	  1.6174e+03
     141.250	  1.1324e+03
     141.500	  9.8130e+02
     141.750	  1.0492e+03
     142.000	  3.1668e+02
     142.250	 -1.8601e+02
     142.500	  2.6305e+02
     142.750	  4.4643e+02
     143.000	 -1.3758e+01
     143.250	 -2.5207e+02
     143.500	  1.5155e+02
     143.750	  9.7549e+02
     144.000	  1.3797e+03
     144.250	  7.6655e+02
     144.500	  3.1280e+02
     144.750	  9.6637e+02
     145.000	  1.2883e+03
     145.250	  4.2174e+02
     145.500	 -2.9232e+02
     145.750	  1.1137e+02
     146.000	  9.1293e+02
     146.250	  1.4562e+03
     146.500	  2.4211e+03
     146.750	  3.6911e+03
     147.000	  4.1498e+03
     147.250	  3.9521e+03
     147.500	  3.5877e+03
     147.750	  2.9357e+03
     148.000	  2.1402e+03
     148.250	  1.4594e+03
     148.500	  9.0674e+02
     148.750	  2.1587e+02
     149.000	 -7.6382e+02
     149.250	 -1.5046e+03
     149.500	 -1.2803e+03
     149.750	 -1.2901e+02
     150.000	  1.1168e+03
     150.250	  1.8292e+03
     150.500	  1.8816e+03
     150.750	  1.5406e+03
     151.000	  1.4517e+03
     151.250	  1.9287e+03
     151.500	  2.6181e+03
     151.750	  3.1548e+03
     152.000	  3.7139e+03
     152.250	  4.0017e+03
     152.500	  3.0279e+03
     152.750	  1.3977e+03
     153.000	  7.8449e+02
     153.250	  1.0926e+03
     153.500	  1.5229e+03
     153.750	  2.2906e+03
     154.000	  3.3584e+03
     154.250	  4.0004e+03
     154.500	  3.9706e+03
     154.750	  3.3180e+03
     155.000	  2.2444e+03
     155.250	  1.7407e+03
     155.500	  1.9677e+03
     155.750	  1.9819e+03
     156.000	  1.9893e+03
     156.250	  2.7562e+03
     156.500	  3.9024e+03
     156.750	  4.1871e+03
     157.000	  3.4711e+03
     157.250	  3.2534e+03
     157.500	  3.5309e+03
     157.750	  2.7047e+03
     158.000	  1.2412e+03
     158.250	  5.0455e+02
     158.500	  1.1899e+02
     158.750	 -2.7488e+02
     159.000	 -1.8070e+01
     159.250	  9.4568e+02
     159.500	  1.5553e+03
     159.750	  1.2356e+03
     160.000	  7.8930e+02
     160.250	  7.5774e+02
     160.500	  8.8637e+02
     160.750	  1.2739e+03
     161.000	  1.8982e+03
     161.250	  2.0593e+03
     161.500	  1.4499e+03
     161.750	  5.6549e+02
     162.000	  4.4055e+01
     162.250	  3.2367e+01
     162.500	  1.3430e+02
     162.750	  3.1793e+02
     163.000	  6.4780e+02
     163.250	  1.2249e+03
     163.500	  2.6499e+03
     163.750	  4.2520e+03
     164.000	  4.6624e+03
     164.250	  4.0639e+03
     164.500	  3.0391e+03
     164.750	  1.7305e+03
     165.000	  7.6005e+02
     165.250	  4.2618e+02
     165.500	  1.7137e+02
     165.750	 -8.5758e+01
     166.000	 -9.2383e+01
     166.250	  3.0868e+02
     166.500	  1.3200e+03
     166.750	  2.3535e+03
     167.000	  2.9381e+03
     167.250	  3.9181e+03
     167.500	  5.0966e+03
     167.750	  4.7957e+03
     168.000	  3.4764e+03
     168.250	  2.9486e+03
     168.500	  3.0441e+03
     168.750	  2.6289e+03
     169.000	  1.7546e+03
     169.250	  1.9098e+03
     169.500	  3.0196e+03
     169.750	  2.8657e+03
     170.000	  1.8586e+03
     170.250	  1.8041e+03
     170.500	  2.1248e+03
     170.750	  2.1544e+03
     171.000	  2.0367e+03
     171.250	  1.5612e+03
     171.500	  1.1024e+03
     171.750	  1.4124e+03
     172.000	  2.0270e+03
     172.250	  1.9044e+03
     172.500	  1.0568e+03
     172.750	  5.4255e+02
     173.000	  8.0793e+02
     173.250	  1.0142e+03
     173.500	  9.4068e+02
     173.750	  1.0522e+03
     174.000	  1.3747e+03
     174.250	  1.9562e+03
     174.500	  2.6294e+03
     174.750	  2.7316e+03
     175.000	  1.9409e+03
     175.250	  1.0965e+03
     175.500	  7.1149e+02
     175.750	  4.0555e+01
     176.000	 -7.0738e+02
     176.250	 -6.2520e+02
     176.500	  8.3867e+01
     176.750	  7.3868e+02
     177.000	  1.3684e+03
     177.250	  2.6278e+03
     177.500	  4.1986e+03
     177.750	  4.9292e+03
     178.000	  4.6030e+03
     178.250	  3.5439e+03
     178.500	  2.0913e+03
     178.750	  1.0279e+03
     179.000	  1.1124e+03
     179.250	  2.2342e+03
     179.500	  3.2766e+03
     179.750	  3.3451e+03
     180.000	  2.5879e+03
     180.250	  1.8589e+03
     180.500	  2.2459e+03
     180.750	  3.1236e+03
     181.000	  2.3539e+03
     181.250	  4.9112e+02
     181.500	  2.0805e+02
     181.750	  1.5902e+03
     182.000	  2.7591e+03
     182.250	  3.1861e+03
     182.500	  3.3081e+03
     182.750	  2.9044e+03
     183.000	  1.9002e+03
     183.250	  9.6330e+02
     183.500	  3.0024e+02
     183.750	 -3.2082e+02
     184.000	 -6.6801e+02
     184.250	 -3.6401e+02
     184.500	  6.6787e+02
     184.750	  1.8113e+03
     185.000	  1.8954e+03
     185.250	  1.1246e+03
     185.500	  9.6549e+02
     185.750	  1.7579e+03
     186.000	  2.4664e+03
     186.250	  2.1498e+03
     186.500	  1.4075e+03
     186.750	  1.3556e+03
     187.000	  1.6212e+03
     187.250	  1.5376e+03
     187.500	  1.0749e+03
     187.750	  4.2374e+02
     188.000	  2.7849e+02
     188.250	  5.2730e+02
     188.500	  1.3055e+02
     188.750	 -2.0276e+02
     189.000	  9.3937e+02
     189.250	  2.1594e+03
     189.500	  1.5176e+03
     189.750	  4.2762e+02
     190.000	  9.7968e+02
     190.250	  2.2324e+03
     190.500	  2.1064e+03
     190.750	  9.8662e+02
     191.000	  6.0205e+02
     191.250	  6.7380e+02
     191.500	  8.2492e+01
     191.750	 -3.6057e+02
     192.000	  6.3412e+02
     192.250	  2.1772e+03
     192.500	  2.8819e+03
     192.750	  3.0741e+03
     193.000	  3.3936e+03
     193.250	  3.4512e+03
     193.500	  2.6182e+03
     193.750	  1.8421e+03
     194.000	  2.3731e+03
     194.250	  3.0981e+03
     194.500	  2.6674e+03
     194.750	  1.7129e+03
     195.000	  1.5746e+03
     195.250	  2.5072e+03
     195.500	  3.1943e+03
     195.750	  2.6037e+03
     196.000	  1.3310e+03
     196.250	  3.3255e+02
     196.500	 -1.3501e+02
     196.750	 -3.7695e+01
     197.000	  4.3462e+02
     197.250	  7.2530e+02
     197.500	  9.3324e+02
     197.750	  1.7337e+03
     198.000	  2.9684e+03
     198.250	  3.8201e+03
     198.500	  3.9238e+03
     198.750	  3.5391e+03
     199.000	  3.5179e+03
     199.250	  3.8901e+03
     199.500	  3.2501e+03
     199.750	  1.7875e+03
     200.000	  9.5468e+02
     200.250	  8.5537e+02
     200.500	  1.5412e+03
     200.750	  2.6306e+03
     201.000	  2.4807e+03
     201.250	  1.2240e+03
     201.500	  8.1799e+02
     201.750	  1.4760e+03
     202.000	  1.9931e+03
     202.250	  2.5146e+03
     202.500	  3.5907e+03
     202.750	  4.4199e+03
     203.000	  4.0903e+03
     203.250	  3.0957e+03
     203.500	  2.5862e+03
     203.750	  2.5189e+03
     204.000	  2.4399e+03
     204.250	  3.0207e+03
     204.500	  4.0951e+03
     204.750	  4.0460e+03
     205.000	  2.9552e+03
     205.250	  2.3413e+03
     205.500	  1.9620e+03
     205.750	  1.2572e+03
     206.000	  1.4461e+03
     206.250	  2.6129e+03
     206.500	  3.0953e+03
     206.750	  2.7978e+03
     207.000	  2.8432e+03
     207.250	  3.0924e+03
     207.500	  2.8117e+03
     207.750	  2.3256e+03
     208.000	  2.4519e+03
     208.250	  3.1904e+03
     208.500	  3.6578e+03
     208.750	  3.4141e+03
     209.000	  2.9801e+03
     209.250	  2.9476e+03
     209.500	  3.3761e+03
     209.750	  3.6767e+03
     210.000	  3.6954e+03
     210.250	  4.1247e+03
     210.500	  4.7102e+03
     210.750	  4.4664e+03
     211.000	  3.8206e+03
     211.250	  3.9094e+03
     211.500	  5.1201e+03
     211.750	  6.4780e+03
     212.000	  6.0992e+03
     212.250	  4.7512e+03
     212.500	  4.6010e+03
     212.750	  4.9217e+03
     213.000	  5.0371e+03
     213.250	  5.6564e+03
     213.500	  5.9327e+03
     213.750	  5.3341e+03
     214.000	  4.9104e+03
     214.250	  4.6839e+03
     214.500	  4.4959e+03
     214.750	  4.8219e+03
     215.000	  4.5467e+03
     215.250	  3.1729e+03
     215.500	  2.5987e+03
     215.750	  3.2236e+03
     216.000	  3.4295e+03
     216.250	  3.0447e+03
     216.500	  3.4905e+03
     216.750	  4.5748e+03
     217.000	  4.3324e+03
     217.250	  2.6397e+03
     217.500	  1.6302e+03
     217.750	  2.5712e+03
     218.000	  4.1916e+03
     218.250	  4.6114e+03
     218.500	  3.9852e+03
     218.750	  3.2001e+03
     219.000	  2.5723e+03
     219.250	  3.1755e+03
     219.500	  4.9466e+03
     219.750	  5.6879e+03
     220.000	  5.2612e+03
     220.250	  5.2474e+03
     220.500	  5.3158e+03
     220.750	  5.1651e+03
     221.000	  5.5031e+03
     221.250	  5.8062e+03
     221.500	  5.9706e+03
     221.750	  6.8211e+03
     222.000	  7.1802e+03
     222.250	  6.0315e+03
     222.500	  4.7825e+03
     222.750	  4.3977e+03
     223.000	  5.0667e+03
     223.250	  6.4627e+03
     223.500	  7.0329e+03
     223.750	  6.4286e+03
     224.000	  6.0461e+03
     224.250	  6.5982e+03
     224.500	  7.3870e+03
     224.750	  7.3686e+03
     225.000	  6.4671e+03
     225.250	  5.7467e+03
     225.500	  5.8074e+03
     225.750	  6.0080e+03
     226.000	  6.2486e+03
     226.250	  7.2656e+03
     226.500	  8.4422e+03
     226.750	  7.8569e+03
     227.000	  5.3533e+03
     227.250	  3.7109e+03
     227.500	  5.0987e+03
     227.750	  7.9809e+03
     228.000	  9.4514e+03
     228.250	  8.8627e+03
     228.500	  7.0210e+03
     228.750	  4.8871e+03
     229.000	  4.0762e+03
     229.250	  5.0156e+03
     229.500	  6.7276e+03
     229.750	  8.2066e+03
     230.000	  8.2856e+03
     230.250	  7.3339e+03
     230.500	  6.7732e+03
     230.750	  7.1939e+03
     231.000	  8.6031e+03
     231.250	  9.4030e+03
     231.500	  8.0779e+03
     231.750	  6.2725e+03
     232.000	  6.0173e+03
     232.250	  6.5811e+03
     232.500	  6.7893e+03
     232.750	  6.9922e+03
     233.000	  7.5932e+03
     233.250	  8.3010e+03
     233.500	  8.4321e+03
     233.750	  7.5774e+03
     234.000	  6.4109e+03
     234.250	  5.7614e+03
     234.500	  5.8316e+03
     234.750	  6.8891e+03
     235.000	  8.6111e+03
     235.250	  9.5651e+03
     235.500	  9.4854e+03
     235.750	  9.8216e+03
     236.000	  1.0773e+04
     236.250	  1.1056e+04
     236.500	  1.0563e+04
     236.750	  1.0243e+04
     237.000	  1.0683e+04
     237.250	  1.1192e+04
     237.500	  1.0447e+04
     237.750	  9.2212e+03
     238.000	  9.0619e+03
     238.250	  9.4063e+03
     238.500	  9.1531e+03
     238.750	  8.3517e+03
     239.000	  7.6987e+03
     239.250	  7.5593e+03
     239.500	  7.8050e+03
     239.750	  8.3597e+03
     240.000	  9.1740e+03
     240.250	  1.0306e+04
     240.500	  1.1461e+04
     240.750	  1.1440e+04
     241.000	  1.0284e+04
     241.250	  9.9456e+03
     241.500	  1.0878e+04
     241.750	  1.1386e+04
     242.000	  1.0351e+04
     242.250	  8.6256e+03
     242.500	  8.3722e+03
     242.750	  1.0116e+04
     243.000	  1.1869e+04
     243.250	  1.2754e+04
     243.500	  1.3697e+04
     243.750	  1.4283e+04
     244.000	  1.3518e+04
     244.250	  1.2209e+04
     244.500	  1.1425e+04
     244.750	  1.0882e+04
     245.000	  1.0196e+04
     245.250	  9.6219e+03
     245.500	  9.1005e+03
     245.750	  8.9452e+03
     246.000	  9.8458e+03
     246.250	  1.0621e+04
     246.500	  1.0153e+04
     246.750	  9.5192e+03
     247.000	  9.2780e+03
     247.250	  9.4126e+03
     247.500	  1.0233e+04
     247.750	  1.0935e+04
     248.000	  1.1551e+04
     248.250	  1.3143e+04
     248.500	  1.4503e+04
     248.750	  1.4443e+04
     249.000	  1.4110e+04
     249.250	  1.3771e+04
     249.500	  1.2603e+04
     249.750	  1.1105e+04
     250.000	  9.9657e+03
     250.250	  9.0355e+03
     250.500	  8.4600e+03
     250.750	  8.8917e+03
     251.000	  1.0276e+04
     251.250	  1.1544e+04
     251.500	  1.2134e+04
     251.750	  1.2439e+04
     252.000	  1.2859e+04
     252.250	  1.3317e+04
     252.500	  1.3588e+04
     252.750	  1.4330e+04
     253.000	  1.5587e+04
     253.250	  1.5548e+04
     253.500	  1.4145e+04
     253.750	  1.3297e+04
     254.000	  1.3255e+04
     254.250	  1.3363e+04
     254.500	  1.3484e+04
     254.750	  1.2976e+04
     255.000	  1.2014e+04
     255.250	  1.1821e+04
     255.500	  1.2126e+04
     255.750	  1.2576e+04
     256.000	  1.3514e+04
     256.250	  1.3797e+04
     256.500	  1.2866e+04
     256.750	  1.2641e+04
     257.000	  1.4026e+04
     257.250	  1.5045e+04
     257.500	  1.4291e+04
     257.750	  1.2980e+04
     258.000	  1.2933e+04
     258.250	  1.4137e+04
     258.500	  1.4587e+04
     258.750	  1.3490e+04
     259.000	  1.2448e+04
     259.250	  1.2073e+04
     259.500	  1.1657e+04
     259.750	  1.1573e+04
     260.000	  1.2034e+04
     260.250	  1.2404e+04
     260.500	  1.2925e+04
     260.750	  1.3804e+04
     261.000	  1.4044e+04
     261.250	  1.3413e+04
     261.500	  1.3261e+04
     261.750	  1.3708e+04
     262.000	  1.3197e+04
     262.250	  1.2098e+04
     262.500	  1.2166e+04
     262.750	  1.2638e+04
     263.000	  1.1915e+04
     263.250	  1.1280e+04
     263.500	  1.2481e+04
     263.750	  1.4439e+04
     264.000	  1.5190e+04
     264.250	  1.4490e+04
     264.500	  1.3806e+04
     264.750	  1.4419e+04
     265.000	  1.5753e+04
     265.250	  1.6353e+04
     265.500	  1.6027e+04
     265.750	  1.6148e+04
     266.000	  1.6939e+04
     266.250	  1.6667e+04
     266.500	  1.5391e+04
     266.750	  1.5088e+04
     267.000	  1.5684e+04
     267.250	  1.5710e+04
     267.500	  1.5103e+04
     267.750	  1.4480e+04
     268.000	  1.4412e+04
     268.250	  1.5152e+04
     268.500	  1.5691e+04
     268.750	  1.5436e+04
     269.000	  1.5504e+04
     269.250	  1.6494e+04
     269.500	  1.7535e+04
     269.750	  1.7697e+04
     270.000	  1.6395e+04
     270.250	  1.4551e+04
     270.500	  1.4671e+04
     270.750	  1.6343e+04
     271.000	  1.6681e+04
     271.250	  1.5925e+04
     271.500	  1.6263e+04
     271.750	  1.7723e+04
     272.000	  1.9137e+04
     272.250	  1.9961e+04
     272.500	  1.9545e+04
     272.750	  1.7969e+04
     273.000	  1.6815e+04
     273.250	  1.6613e+04
     273.500	  1.6634e+04
     273.750	  1.6960e+04
     274.000	  1.7737e+04
     274.250	  1.8610e+04
     274.500	  1.9530e+04
     274.750	  2.0602e+04
     275.000	  2.2044e+04
     275.250	  2.3204e+04
     275.500	  2.2562e+04
     275.750	  2.0966e+04
     276.000	  2.0461e+04
     276.250	  2.0728e+04
     276.500	  2.1619e+04
     276.750	  2.3581e+04
     277.000	  2.4221e+04
     277.250	  2.2475e+04
     277.500	  2.1583e+04
     277.750	  2.2487e+04
     278.000	  2.3196e+04
     278.250	  2.3515e+04
     278.500	  2.3536e+04
     278.750	  2.2744e+04
     279.000	  2.1868e+04
     279.250	  2.1991e+04
     279.500	  2.2803e+04
     279.750	  2.3092e+04
     280.000	  2.2649e+04
     280.250	  2.2113e+04
     280.500	  2.1947e+04
     280.750	  2.2443e+04
     281.000	  2.3195e+04
     281.250	  2.3755e+04
     281.500	  2.4412e+04
     281.750	  2.4946e+04
     282.000	  2.4924e+04
     282.250	  2.4934e+04
     282.500	  2.5425e+04
     282.750	  2.6044e+04
     283.000	  2.6279e+04
     283.250	  2.5460e+04
     283.500	  2.3988e+04
     283.750	  2.3603e+04
     284.000	  2.4720e+04
     284.250	  2.5656e+04
     284.500	  2.4997e+04
     284.750	  2.3887e+04
     285.000	  2.4480e+04
     285.250	  2.5873e+04
     285.500	  2.5698e+04
     285.750	  2.4905e+04
     286.000	  2.5665e+04
     286.250	  2.7460e+04
     286.500	  2.8764e+04
     286.750	  2.9417e+04
     287.000	  2.9859e+04
     287.250	  2.9582e+04
     287.500	  2.8166e+04
     287.750	  2.6931e+04
     288.000	  2.7057e+04
     288.250	  2.7757e+04
     288.500	  2.8334e+04
     288.750	  2.9356e+04
     289.000	  3.0158e+04
     289.250	  2.9566e+04
     289.500	  2.8812e+04
     289.750	  2.9503e+04
     290.000	  3.0761e+04
     290.250	  3.0404e+04
     290.500	  2.8691e+04
     290.750	  2.7990e+04
     291.000	  2.8700e+04
     291.250	  3.0165e+04
     291.500	  3.1992e+04
     291.750	  3.2722e+04
     292.000	  3.1868e+04
     292.250	  3.0925e+04
     292.500	  3.0851e+04
     292.750	  3.1555e+04
     293.000	  3.2318e+04
     293.250	  3.2264e+04
     293.500	  3.2181e+04
     293.750	  3.3147e+04
     294.000	  3.4201e+04
     294.250	  3.4388e+04
     294.500	  3.4098e+04
     294.750	  3.4252e+04
     295.000	  3.5242e+04
     295.250	  3.5911e+04
     295.500	  3.5661e+04
     295.750	  3.5812e+04
     296.000	  3.7259e+04
     296.250	  3.8565e+04
     296.500	  3.7748e+04
     296.750	  3.5971e+04
     297.000	  3.5535e+04
     297.250	  3.6407e+04
     297.500	  3.8028e+04
     297.750	  3.9297e+04
     298.000	  3.8674e+04
     298.250	  3.7081e+04
     298.500	  3.6368e+04
     298.750	  3.6538e+04
     299.000	  3.6800e+04
     299.250	  3.7069e+04
     299.500	  3.7824e+04
     299.750	  3.9054e+04
     300.000	  4.0046e+04
     300.250	  4.0859e+04
     300.500	  4.2287e+04
     300.750	  4.3927e+04
     301.000	  4.4549e+04
     301.250	  4.3816e+04
     301.500	  4.1915e+04
     301.750	  3.9406e+04
     302.000	  3.8474e+04
     302.250	  4.0426e+04
     302.500	  4.2820e+04
     302.750	  4.3261e+04
     303.000	  4.2793e+04
     303.250	  4.3023e+04
     303.500	  4.3469e+04
     303.750	  4.2934e+04
     304.000	  4.1666e+04
     304.250	  4.1572e+04
     304.500	  4.3725e+04
     304.750	  4.6452e+04
     305.000	  4.7751e+04
     305.250	  4.7699e+04
     305.500	  4.7385e+04
     305.750	  4.7301e+04
     306.000	  4.7239e+04
     306.250	  4.6909e+04
     306.500	  4.6193e+04
     306.750	  4.5753e+04
     307.000	  4.6856e+04
     307.250	  4.9220e+04
     307.500	  5.1224e+04
     307.750	  5.1660e+04
     308.000	  4.9980e+04
     308.250	  4.7788e+04
     308.500	  4.7646e+04
     308.750	  4.8749e+04
     309.000	  4.9117e+04
     309.250	  4.9108e+04
     309.500	  4.9294e+04
     309.750	  4.9870e+04
     310.000	  5.1555e+04
     310.250	  5.4146e+04
     310.500	  5.5857e+04
     310.750	  5.5391e+04
     311.000	  5.3858e+04
     311.250	  5.3314e+04
     311.500	  5.4077e+04
     311.750	  5.4571e+04
     312.000	  5.3811e+04
     312.250	  5.3415e+04
     312.500	  5.4816e+04
     312.750	  5.6681e+04
     313.000	  5.7818e+04
     313.250	  5.8368e+04
     313.500	  5.8339e+04
     313.750	  5.8122e+04
     314.000	  5.8251e+04
     314.250	  5.8370e+04
     314.500	  5.8205e+04
     314.750	  5.8455e+04
     315.000	  5.9468e+04
     315.250	  6.0296e+04
     315.500	  6.0313e+04
     315.750	  6.0565e+04
     316.000	  6.1940e+04
     316.250	  6.3462e+04
     316.500	  6.4039e+04
     316.750	  6.4258e+04
     317.000	  6.5083e+04
     317.250	  6.6121e+04
     317.500	  6.6663e+04
     317.750	  6.7377e+04
     318.000	  6.8985e+04
     318.250	  7.0714e+04
     318.500	  7.1934e+04
     318.750	  7.3159e+04
     319.000	  7.4868e+04
     319.250	  7.6898e+04
     319.500	  7.8145e+04
     319.750	  7.8076e+04
     320.000	  7.8068e+04
     320.250	  7.9005e+04
     320.500	  8.0318e+04
     320.750	  8.1763e+04
     321.000	  8.3686e+04
     321.250	  8.6065e+04
     321.500	  8.8679e+04
     321.750	  9.1276e+04
     322.000	  9.3493e+04
     322.250	  9.5967e+04
     322.500	  9.9143e+04
     322.750	  1.0162e+05
     323.000	  1.0278e+05
     323.250	  1.0440e+05
     323.500	  1.0755e+05
     323.750	  1.1090e+05
     324.000	  1.1353e+05
     324.250	  1.1631e+05
     324.500	  1.1959e+05
     324.750	  1.2294e+05
     325.000	  1.2677e+05
     325.250	  1.3184e+05
     325.500	  1.3813e+05
     325.750	  1.4460e+05
     326.000	  1.5062e+05
     326.250	  1.5705e+05
     326.500	  1.6429e+05
     326.750	  1.7161e+05
     327.000	  1.7903e+05
     327.250	  1.8660e+05
     327.500	  1.9452e+05
     327.750	  2.0395e+05
     328.000	  2.1450e+05
     328.250	  2.2454e+05
     328.500	  2.3450e+05
     328.750	  2.4549e+05
     329.000	  2.5772e+05
     329.250	  2.7087e+05
     329.500	  2.8423e+05
     329.750	  2.9876e+05
     330.000	  3.1554e+05
     330.250	  3.3273e+05
     330.500	  3.4905e+05
     330.750	  3.6569e+05
     331.000	  3.8400e+05
     331.250	  4.0398e+05
     331.500	  4.2467e+05
     331.750	  4.4579e+05
     332.000	  4.6748e+05
     332.250	  4.8873e+05
     332.500	  5.0793e+05
     332.750	  5.2356e+05
     333.000	  5.3204e+05
     333.250	  5.2659e+05
     333.500	  4.9724e+05
     333.750	  4.3014e+05
     334.000	  3.1488e+05
     334.250	  1.6024e+05
     334.500	 -2.2396e+03
     334.750	 -1.3862e+05
     335.000	 -2.3503e+05
     335.250	 -2.9612e+05
     335.500	 -3.3097e+05
     335.750	 -3.4836e+05
     336.000	 -3.5647e+05
     336.250	 -3.6012e+05
     336.500	 -3.6029e+05
     336.750	 -3.5720e+05
     337.000	 -3.5242e+05
     337.250	 -3.4695e+05
     337.500	 -3.3976e+05
     337.750	 -3.3045e+05
     338.000	 -3.2070e+05
     338.250	 -3.1219e+05
     338.500	 -3.0486e+05
     338.750	 -2.9767e+05
     339.000	 -2.8974e+05
     339.250	 -2.8100e+05
     339.500	 -2.7254e+05
     339.750	 -2.6507e+05
     340.000	 -2.5869e+05
     340.250	 -2.5311e+05
     340.500	 -2.4703e+05
     340.750	 -2.4024e+05
     341.000	 -2.3403e+05
     341.250	 -2.2850e+05
     341.500	 -2.2267e+05
     341.750	 -2.1548e+05
     342.000	 -2.0721e+05
     342.250	 -2.0010e+05
     342.500	 -1.9546e+05
     342.750	 -1.9186e+05
     343.000	 -1.8783e+05
     343.250	 -1.8402e+05
     343.500	 -1.8076e+05
     343.750	 -1.7688e+05
     344.000	 -1.7232e+05
     344.250	 -1.6809e+05
     344.500	 -1.6401e+05
     344.750	 -1.6028e+05
     345.000	 -1.5764e+05
     345.250	 -1.5541e+05
     345.500	 -1.5273e+05
     345.750	 -1.4967e+05
     346.000	 -1.4701e+05
     346.250	 -1.4530e+05
     346.500	 -1.4329e+05
     346.750	 -1.4025e+05
     347.000	 -1.3756e+05
     347.250	 -1.3544e+05
     347.500	 -1.3313e+05
     347.750	 -1.3085e+05
     348.000	 -1.2872e+05
     348.250	 -1.2618e+05
     348.500	 -1.2351e+05
     348.750	 -1.2176e+05
     349.000	 -1.2070e+05
     349.250	 -1.1949e+05
     349.500	 -1.1818e+05
     349.750	 -1.1630e+05
     350.000	 -1.1375e+05
     350.250	 -1.1180e+05
     350.500	 -1.1040e+05
     350.750	 -1.0861e+05
     351.000	 -1.0649e+05
     351.250	 -1.0417e+05
     351.500	 -1.0183e+05
     351.750	 -1.0042e+05
     352.000	 -9.9983e+04
     352.250	 -9.9246e+04
     352.500	 -9.7589e+04
     352.750	 -9.5642e+04
     353.000	 -9.4396e+04
     353.250	 -9.3948e+04
     353.500	 -9.3982e+04
     353.750	 -9.4105e+04
     354.000	 -9.3282e+04
     354.250	 -9.1553e+04
     354.500	 -9.0087e+04
     354.750	 -8.9173e+04
     355.000	 -8.8130e+04
     355.250	 -8.6859e+04
     355.500	 -8.5902e+04
     355.750	 -8.5059e+04
     356.000	 -8.3943e+04
     356.250	 -8.2315e+04
     356.500	 -8.0274e+04
     356.750	 -7.8809e+04
     357.000	 -7.8309e+04
     357.250	 -7.8108e+04
     357.500	 -7.7930e+04
     357.750	 -7.7766e+04
     358.000	 -7.6874e+04
     358.250	 -7.5095e+04
     358.500	 -7.3746e+04
     358.750	 -7.3511e+04
     359.000	 -7.3564e+04
     359.250	 -7.3210e+04
     359.500	 -7.2559e+04
     359.750	 -7.1668e+04
     360.000	 -7.0737e+04
     360.250	 -7.0625e+04
     360.500	 -7.1349e+04
     360.750	 -7.1830e+04
     361.000	 -7.1535e+04
     361.250	 -7.0358e+04
     361.500	 -6.8605e+04
     361.750	 -6.7572e+04
     362.000	 -6.7862e+04
     362.250	 -6.7748e+04
     362.500	 -6.5810e+04
     362.750	 -6.3697e+04
     363.000	 -6.3070e+04
     363.250	 -6.3263e+04
     363.500	 -6.3133e+04
     363.750	 -6.2381e+04
     364.000	 -6.2137e+04
     364.250	 -6.2782e+04
     364.500	 -6.2501e+04
     364.750	 -6.1222e+04
     365.000	 -6.0446e+04
     365.250	 -5.9659e+04
     365.500	 -5.8327e+04
     365.750	 -5.7263e+04
     366.000	 -5.6600e+04
     366.250	 -5.6114e+04
     366.500	 -5.5806e+04
     366.750	 -5.5123e+04
     367.000	 -5.4042e+04
     367.250	 -5.3648e+04
     367.500	 -5.4089e+04
     367.750	 -5.4259e+04
     368.000	 -5.3742e+04
     368.250	 -5.2714e+04
     368.500	 -5.1547e+04
     368.750	 -5.1222e+04
     369.000	 -5.1684e+04
     369.250	 -5.1745e+04
     369.500	 -5.1332e+04
     369.750	 -5.0965e+04
     370.000	 -5.0383e+04
     370.250	 -4.9267e+04
     370.500	 -4.8209e+04
     370.750	 -4.8398e+04
     371.000	 -4.9619e+04
     371.250	 -4.9435e+04
     371.500	 -4.6729e+04
     371.750	 -4.4281e+04
     372.000	 -4.4587e+04
     372.250	 -4.5741e+04
     372.500	 -4.4848e+04
     372.750	 -4.2596e+04
     373.000	 -4.1805e+04
     373.250	 -4.3269e+04
     373.500	 -4.5109e+04
     373.750	 -4.5730e+04
     374.000	 -4.4937e+04
     374.250	 -4.3360e+04
     374.500	 -4.1949e+04
     374.750	 -4.0462e+04
     375.000	 -3.8544e+04
     375.250	 -3.7561e+04
     375.500	 -3.8251e+04
     375.750	 -3.9394e+04
     376.000	 -3.9782e+04
     376.250	 -3.9275e+04
     376.500	 -3.8287e+04
     376.750	 -3.7240e+04
     377.000	 -3.6522e+04
     377.250	 -3.5951e+04
     377.500	 -3.5307e+04
     377.750	 -3.5404e+04
     378.000	 -3.5942e+04
     378.250	 -3.5608e+04
     378.500	 -3.5050e+04
     378.750	 -3.4975e+04
     379.000	 -3.4603e+04
     379.250	 -3.3829e+04
     379.500	 -3.3140e+04
     379.750	 -3.2809e+04
     380.000	 -3.2909e+04
     380.250	 -3.3066e+04
     380.500	 -3.2851e+04
     380.750	 -3.2100e+04
     381.000	 -3.0821e+04
     381.250	 -2.9284e+04
     381.500	 -2.8500e+04
     381.750	 -2.8988e+04
     382.000	 -2.9726e+04
     382.250	 -2.9692e+04
     382.500	 -2.8556e+04
     382.750	 -2.7384e+04
     383.000	 -2.7608e+04
     383.250	 -2.8200e+04
     383.500	 -2.8036e+04
     383.750	 -2.7673e+04
     384.000	 -2.6677e+04
     384.250	 -2.4934e+04
     384.500	 -2.4250e+04
     384.750	 -2.5010e+04
     385.000	 -2.5778e+04
     385.250	 -2.6098e+04
     385.500	 -2.6025e+04
     385.750	 -2.5667e+04
     386.000	 -2.5908e+04
     386.250	 -2.6455e+04
     386.500	 -2.6352e+04
     386.750	 -2.5958e+04
     387.000	 -2.5163e+04
     387.250	 -2.4171e+04
     387.500	 -2.3970e+04
     387.750	 -2.3479e+04
     388.000	 -2.1584e+04
     388.250	 -1.9765e+04
     388.500	 -1.9258e+04
     388.750	 -1.9505e+04
     389.000	 -2.0231e+04
     389.250	 -2.1535e+04
     389.500	 -2.2463e+04
     389.750	 -2.2287e+04
     390.000	 -2.1750e+04
     390.250	 -2.1240e+04
     390.500	 -2.0495e+04
     390.750	 -2.0142e+04
     391.000	 -2.0263e+04
     391.250	 -2.0251e+04
     391.500	 -2.0488e+04
     391.750	 -2.0749e+04
     392.000	 -2.0277e+04
     392.250	 -1.9784e+04
     392.500	 -1.9771e+04
     392.750	 -1.9509e+04
     393.000	 -1.9058e+04
     393.250	 -1.9050e+04
     393.500	 -1.9357e+04
     393.750	 -1.9456e+04
     394.000	 -1.8545e+04
     394.250	 -1.6874e+04
     394.500	 -1.6320e+04
     394.750	 -1.7724e+04
     395.000	 -1.9490e+04
     395.250	 -1.8959e+04
     395.500	 -1.6183e+04
     395.750	 -1.4498e+04
     396.000	 -1.5068e+04
     396.250	 -1.5897e+04
     396.500	 -1.6014e+04
     396.750	 -1.5985e+04
     397.000	 -1.6364e+04
     397.250	 -1.7305e+04
     397.500	 -1.8165e+04
     397.750	 -1.8158e+04
     398.000	 -1.7386e+04
     398.250	 -1.6668e+04
     398.500	 -1.6594e+04
     398.750	 -1.6360e+04
     399.000	 -1.4985e+04
     399.250	 -1.3441e+04
     399.500	 -1.3372e+04
     399.750	 -1.4387e+04
     400.000	 -1.4696e+04
     400.250	 -1.4186e+04
     400.500	 -1.3975e+04
     400.750	 -1.4047e+04
     401.000	 -1.3892e+04
     401.250	 -1.3027e+04
     401.500	 -1.1354e+04
     401.750	 -1.0196e+04
     402.000	 -1.0521e+04
     402.250	 -1.1492e+04
     402.500	 -1.1875e+04
     402.750	 -1.1357e+04
     403.000	 -1.0872e+04
     403.250	 -1.1181e+04
     403.500	 -1.1638e+04
     403.750	 -1.1744e+04
     404.000	 -1.1903e+04
     404.250	 -1.1757e+04
     404.500	 -1.0710e+04
     404.750	 -9.9094e+03
     405.000	 -1.0600e+04
     405.250	 -1.1846e+04
     405.500	 -1.2133e+04
     405.750	 -1.1741e+04
     406.000	 -1.1900e+04
     406.250	 -1.2148e+04
     406.500	 -1.1371e+04
     406.750	 -1.0773e+04
     407.000	 -1.1627e+04
     407.250	 -1.2261e+04
     407.500	 -1.0981e+04
     407.750	 -9.1176e+03
     408.000	 -8.5016e+03
     408.250	 -8.9096e+03
     408.500	 -9.8174e+03
     408.750	 -1.1561e+04
     409.000	 -1.3214e+04
     409.250	 -1.2867e+04
     409.500	 -1.0983e+04
     409.750	 -9.2963e+03
     410.000	 -8.4434e+03
     410.250	 -8.9938e+03
     410.500	 -1.0364e+04
     410.750	 -1.0422e+04
     411.000	 -9.3755e+03
     411.250	 -9.6828e+03
     411.500	 -1.1181e+04
     411.750	 -1.1682e+04
     412.000	 -1.1016e+04
     412.250	 -1.0185e+04
     412.500	 -9.5392e+03
     412.750	 -8.8324e+03
     413.000	 -7.8416e+03
     413.250	 -7.4069e+03
     413.500	 -8.1971e+03
     413.750	 -9.5266e+03
     414.000	 -1.0837e+04
     414.250	 -1.1654e+04
     414.500	 -1.0952e+04
     414.750	 -9.0851e+03
     415.000	 -7.6655e+03
     415.250	 -7.2385e+03
     415.500	 -6.9920e+03
     415.750	 -6.2385e+03
     416.000	 -5.9031e+03
     416.250	 -6.6059e+03
     416.500	 -6.8583e+03
     416.750	 -5.9605e+03
     417.000	 -5.2632e+03
     417.250	 -6.0260e+03
     417.500	 -7.5259e+03
     417.750	 -7.6763e+03
     418.000	 -6.9333e+03
     418.250	 -7.5829e+03
     418.500	 -8.9216e+03
     418.750	 -9.2031e+03
     419.000	 -8.8302e+03
     419.250	 -8.1556e+03
     419.500	 -6.5805e+03
     419.750	 -4.6451e+03
     420.000	 -4.2366e+03
     420.250	 -5.4556e+03
     420.500	 -5.9803e+03
     420.750	 -5.0651e+03
     421.000	 -4.2170e+03
     421.250	 -4.2051e+03
     421.500	 -4.4444e+03
     421.750	 -4.3329e+03
     422.000	 -4.2328e+03
     422.250	 -4.3359e+03
     422.500	 -4.0176e+03
     422.750	 -3.4636e+03
     423.000	 -3.1668e+03
     423.250	 -2.9721e+03
     423.500	 -3.1641e+03
     423.750	 -4.0381e+03
     424.000	 -4.8584e+03
     424.250	 -5.0373e+03
     424.500	 -4.8702e+03
     424.750	 -4.8538e+03
     425.000	 -5.5371e+03
     425.250	 -6.5203e+03
     425.500	 -6.3458e+03
     425.750	 -5.0475e+03
     426.000	 -4.2564e+03
     426.250	 -4.4884e+03
     426.500	 -4.5328e+03
     426.750	 -3.5546e+03
     427.000	 -2.8199e+03
     427.250	 -3.5341e+03
     427.500	 -4.0903e+03
     427.750	 -3.0863e+03
     428.000	 -1.8440e+03
     428.250	 -1.8562e+03
     428.500	 -3.1193e+03
     428.750	 -4.3567e+03
     429.000	 -4.9610e+03
     429.250	 -6.0391e+03
     429.500	 -7.8299e+03
     429.750	 -8.9747e+03
     430.000	 -8.6143e+03
     430.250	 -7.0730e+03
     430.500	 -5.1021e+03
     430.750	 -3.6711e+03
     431.000	 -3.6611e+03
     431.250	 -4.7329e+03
     431.500	 -5.4866e+03
     431.750	 -5.0548e+03
     432.000	 -3.8115e+03
     432.250	 -2.7781e+03
     432.500	 -2.7294e+03
     432.750	 -3.5750e+03
     433.000	 -4.4073e+03
     433.250	 -4.1498e+03
     433.500	 -2.5597e+03
     433.750	 -6.2532e+02
     434.000	  5.2005e+02
     434.250	  5.9605e+02
     434.500	  1.5180e+01
     434.750	 -2.9370e+02
     435.000	  4.1180e+02
     435.250	  1.1232e+03
     435.500	  4.9349e+02
     435.750	 -9.3526e+02
     436.000	 -2.5302e+03
     436.250	 -4.0559e+03
     436.500	 -4.4412e+03
     436.750	 -3.3609e+03
     437.000	 -2.1060e+03
     437.250	 -1.7810e+03
     437.500	 -1.5714e+03
     437.750	 -3.5720e+02
     438.000	  6.1768e+02
     438.250	  1.5199e+02
     438.500	 -1.0034e+03
     438.750	 -2.7374e+03
     439.000	 -4.3639e+03
     439.250	 -3.8210e+03
     439.500	 -2.0282e+03
     439.750	 -1.7343e+03
     440.000	 -2.8248e+03
     440.250	 -3.2302e+03
     440.500	 -2.2140e+03
     440.750	 -1.1109e+03
     441.000	 -1.3194e+03
     441.250	 -2.4115e+03
     441.500	 -2.8188e+03
     441.750	 -2.1356e+03
     442.000	 -1.7800e+03
     442.250	 -2.3784e+03
     442.500	 -2.7337e+03
     442.750	 -2.5450e+03
     443.000	 -2.4931e+03
     443.250	 -2.3899e+03
     443.500	 -1.7991e+03
     443.750	 -1.0973e+03
     444.000	 -1.3855e+03
     444.250	 -2.6861e+03
     444.500	 -3.3691e+03
     444.750	 -2.9089e+03
     445.000	 -2.3764e+03
     445.250	 -2.0896e+03
     445.500	 -1.6047e+03
     445.750	 -1.0560e+03
     446.000	 -1.0192e+03
     446.250	 -1.6208e+03
     446.500	 -2.1333e+03
     446.750	 -1.5398e+03
     447.000	  1.2205e+02
     447.250	  1.5271e+03
     447.500	  1.8369e+03
     447.750	  1.6264e+03
     448.000	  1.6129e+03
     448.250	  1.4782e+03
     448.500	  5.0662e+02
     448.750	 -7.5313e+02
     449.000	 -6.6920e+02
     449.250	  5.8655e+02
     449.500	  1.0845e+03
     449.750	  9.5430e+02
     450.000	  1.3297e+03
     450.250	  1.4631e+03
     450.500	  1.0849e+03
     450.750	  1.0629e+03
     451.000	  1.1987e+03
     451.250	  1.2274e+03
     451.500	  1.5017e+03
     451.750	  1.4006e+03
     452.000	  6.4012e+02
     452.250	  3.7605e+02
     452.500	  5.4637e+02
     452.750	 -1.6901e+02
     453.000	 -1.7374e+03
     453.250	 -2.7379e+03
     453.500	 -2.1586e+03
     453.750	 -2.8663e+02
     454.000	  1.5949e+03
     454.250	  2.2868e+03
     454.500	  1.7217e+03
     454.750	  7.0580e+02
     455.000	  5.3449e+02
     455.250	  1.5306e+03
     455.500	  2.1752e+03
     455.750	  1.6701e+03
     456.000	  1.4493e+02
     456.250	 -2.0735e+03
     456.500	 -3.0315e+03
     456.750	 -1.6566e+03
     457.000	  4.8849e+02
     457.250	  2.2082e+03
     457.500	  3.2138e+03
     457.750	  3.2209e+03
     458.000	  2.4411e+03
     458.250	  1.4587e+03
     458.500	  1.0030e+03
     458.750	  1.2455e+03
     459.000	  1.2959e+03
     459.250	  7.2580e+02
     459.500	 -2.2457e+02
     459.750	 -1.3251e+03
     460.000	 -1.6349e+03
     460.250	 -9.4651e+02
     460.500	 -4.9551e+02
     460.750	 -6.5376e+02
     461.000	 -7.8126e+02
     461.250	 -6.0226e+02
     461.500	  1.1549e+02
     461.750	  1.7568e+03
     462.000	  3.3878e+03
     462.250	  3.4417e+03
     462.500	  2.6440e+03
     462.750	  2.7044e+03
     463.000	  3.1666e+03
     463.250	  2.7452e+03
     463.500	  1.4024e+03
     463.750	  2.8793e+02
     464.000	  7.1112e+02
     464.250	  2.0811e+03
     464.500	  2.7625e+03
     464.750	  2.6241e+03
     465.000	  2.1846e+03
     465.250	  1.8183e+03
     465.500	  1.5442e+03
     465.750	  8.2780e+02
     466.000	  2.0493e+02
     466.250	  9.4137e+02
     466.500	  2.8666e+03
     466.750	  4.4905e+03
     467.000	  5.1172e+03
     467.250	  5.1320e+03
     467.500	  4.7538e+03
     467.750	  4.3189e+03
     468.000	  3.8021e+03
     468.250	  2.6982e+03
     468.500	  1.7174e+03
     468.750	  1.7835e+03
     469.000	  2.4982e+03
     469.250	  3.1221e+03
     469.500	  3.4901e+03
     469.750	  4.2686e+03
     470.000	  5.2821e+03
     470.250	  4.9331e+03
     470.500	  3.3044e+03
     470.750	  2.0597e+03
     471.000	  1.8655e+03
     471.250	  2.3055e+03
     471.500	  2.4501e+03
     471.750	  1.9329e+03
     472.000	  1.6976e+03
     472.250	  2.2135e+03
     472.500	  2.6416e+03
     472.750	  2.7891e+03
     473.000	  3.0689e+03
     473.250	  3.0671e+03
     473.500	  2.6363e+03
     473.750	  2.3355e+03
     474.000	  2.4406e+03
     474.250	  2.8599e+03
     474.500	  3.1166e+03
     474.750	  3.0517e+03
     475.000	  2.9068e+03
     475.250	  2.7791e+03
     475.500	  2.9883e+03
     475.750	  3.0287e+03
     476.000	  2.3160e+03
     476.250	  1.8929e+03
     476.500	  1.9455e+03
     476.750	  1.4067e+03
     477.000	  7.5249e+02
     477.250	  1.0014e+03
     477.500	  1.4619e+03
     477.750	  1.6171e+03
     478.000	  2.4685e+03
     478.250	  3.5824e+03
     478.500	  3.8452e+03
     478.750	  4.3049e+03
     479.000	  4.9549e+03
     479.250	  4.4430e+03
     479.500	  3.9844e+03
     479.750	  4.8231e+03
     480.000	  5.5053e+03
     480.250	  4.9979e+03
     480.500	  4.3697e+03
     480.750	  4.4754e+03
     481.000	  4.5003e+03
     481.250	  3.8186e+03
     481.500	  3.2003e+03
     481.750	  3.4616e+03
     482.000	  4.1476e+03
     482.250	  4.1354e+03
     482.500	  3.5262e+03
     482.750	  3.1577e+03
     483.000	  2.9377e+03
     483.250	  2.7850e+03
     483.500	  2.9330e+03
     483.750	  2.8949e+03
     484.000	  2.4774e+03
     484.250	  2.4274e+03
     484.500	  2.7107e+03
     484.750	  2.3449e+03
     485.000	  1.7607e+03
     485.250	  2.3551e+03
     485.500	  3.6462e+03
     485.750	  4.2066e+03
     486.000	  4.3131e+03
     486.250	  4.5614e+03
     486.500	  4.5602e+03
     486.750	  4.5985e+03
     487.000	  4.9181e+03
     487.250	  4.9363e+03
     487.500	  4.7082e+03
     487.750	  4.2722e+03
     488.000	  3.2302e+03
     488.250	  2.0856e+03
     488.500	  1.9175e+03
     488.750	  2.9236e+03
     489.000	  3.6537e+03
     489.250	  2.9061e+03
     489.500	  2.1857e+03
     489.750	  3.1981e+03
     490.000	  5.1402e+03
     490.250	  6.5833e+03
     490.500	  6.7819e+03
     490.750	  5.7909e+03
     491.000	  4.8378e+03
     491.250	  4.5403e+03
     491.500	  4.2817e+03
     491.750	  4.1274e+03
     492.000	  4.6037e+03
     492.250	  5.5362e+03
     492.500	  6.3504e+03
     492.750	  6.6598e+03
     493.000	  6.0924e+03
     493.250	  4.1800e+03
     493.500	  2.0154e+03
     493.750	  1.5755e+03
     494.000	  2.3686e+03
     494.250	  3.1574e+03
     494.500	  4.1522e+03
     494.750	  4.7542e+03
     495.000	  4.5002e+03
     495.250	  4.4419e+03
     495.500	  4.8481e+03
     495.750	  5.0000e+03
     496.000	  4.4154e+03
     496.250	  3.6817e+03
     496.500	  4.0475e+03
     496.750	  5.2495e+03
     497.000	  6.3636e+03
     497.250	  7.0522e+03
     497.500	  6.7369e+03
     497.750	  5.8735e+03
     498.000	  5.6055e+03
     498.250	  5.7719e+03
     498.500	  6.0394e+03
     498.750	  5.9276e+03
     499.000	  4.8230e+03
     499.250	  3.8552e+03
     499.500	  3.7425e+03
     499.750	  3.5597e+03
